0	3.5800003388430923e-06	
1	4.900000567431561e-06	1.3687151127519275
2	8.690000686328859e-06	1.7734693224502842
3	1.3480000052368269e-05	1.5512081688986579
4	1.160000028903596e-05	0.8605341427278396
5	1.897999936772976e-05	1.636206801276479
6	2.6690000231610612e-05	1.4062171296480428
7	3.071000028285198e-05	1.1506182096799022
8	5.138000014994759e-05	1.673070650495482
9	8.268999990832527e-05	1.6093810756520524
10	6.316000071819872e-05	0.7638166741833524
11	5.617999995592982e-05	0.8894870062872291
12	0.00011385000070731621	2.0265219080923
13	0.00013781999987259042	1.2105401758134013
14	8.625000009487849e-05	0.6258162833740638
15	0.0001784099997166777	2.0685217335700807
16	0.00018452000003890134	1.0342469611116338
17	0.0001459700008126674	0.7910795620089603
18	0.0001988899995922111	1.362540237616764
19	0.00016968999880191405	0.8531851734618809
20	0.00017826000075729098	1.0505038718597732
21	0.0001962999998795567	1.1012004883071218
22	0.0002768400001514237	1.4102903735164734
23	0.00024703999988560097	0.8923565949663236
24	0.0002587399998446926	1.0473607511516745
25	0.0002786100001685554	1.0767952397611102
26	0.00028135999928053935	1.0098704250038413
27	0.0003415500006667571	1.2139252258321316
28	0.00033097999985329805	0.9690528449924614
29	0.0003558899992640363	1.0752613433493843
30	0.00043039000011049213	1.2093343476931588
31	0.0004036199996335199	0.9378005983640427
32	0.0004409999997733394	1.0926118630735837
33	0.0004728200008685235	1.0721541975318336
34	0.0005147500000020955	1.0886806798708826
35	0.000567800000499119	1.103059738701909
36	0.0018994999994902174	3.3453680835161688
37	0.0005881400004000171	0.30962884999097684
38	0.0006202600001415703	1.0546128468046845
39	0.0019128700001601827	3.0839809107851264
40	0.0006717599997500656	0.35117911812815966
41	0.0007208600003650645	1.0730915812690052
42	0.0007549499998276588	1.0472907352957996
43	0.0007886999996117083	1.0447049470716656
44	0.0008396500004892004	1.0645999757861997
45	0.0008711200000107056	1.0374799017485499
46	0.0008794199999101693	1.0095279638848398
47	0.0009361099993839162	1.0644629408923354
48	0.0009919299998728092	1.0596297449291536
49	0.001042290000259527	1.0507697119687631
50	0.0010593499999231426	1.0163678051783742
51	0.00115871000016341	1.0937933640888056
52	0.0011555499993846751	0.9972728285953438
53	0.0012125200006266822	1.0493011996645263
54	0.0013155499997083097	1.0849717934783567
55	0.002327050000167219	1.7688799366676933
56	0.0018595100002130494	0.7990846780599589
57	0.0013845399997080676	0.7445724946622696
58	0.0014464899999438786	1.0447441029142337
59	0.0015117000006284798	1.0450815426910185
60	0.002301169999554986	1.5222398614793207
61	0.0015839000003325054	0.6883020379367059
62	0.0017048700006853323	1.0763747713412664
63	0.0017453599997679704	1.0237496108596913
64	0.0017518799995741574	1.0037356189021485
65	0.001827180000327644	1.042982396495074
66	0.0023107799988792976	1.2646701466001904
67	0.0019655299991427457	0.8505915751806774
68	0.0030858399997669038	1.5699785814069358
69	0.002029440000478644	0.6576620954527592
70	0.0021304500009136974	1.0497723511960098
71	0.0021520399994187757	1.0101340085408337
72	0.002245530000072904	1.0434425013844435
73	0.0022526599997945594	1.0031751968227653
74	0.00233961999983876	1.0386032512905328
75	0.002383650000047055	1.0188192955314663
76	0.0027153499995620223	1.1391563356652274
77	0.002504489999773796	0.9223451857689662
78	0.002576000000044587	1.0285527194268094
79	0.002687290000540088	1.043202639943158
80	0.0027188300005946075	1.0117367310741232
81	0.0028444900002796204	1.0462184099989815
82	0.002850379999654251	1.00207066974187
83	0.0029339200009417254	1.0293083733739388
84	0.003765729999213363	1.2835148872514057
85	0.0032989700004691256	0.8760505934196715
86	0.0031693999993876788	0.9607241044741173
87	0.00320707000028051	1.0118855306682997
88	0.0032488599998032443	1.013030585400094
89	0.003382919999785372	1.0412637048042226
90	0.003976730000067619	1.1755317891998396
91	0.0035277499999210706	0.8870981937071629
92	0.003622139999788487	1.0267564311160169
93	0.0045455000003130405	1.2549211241361384
94	0.0037463900000147985	0.8241975579709144
95	0.004094790000453941	1.0929961911167192
96	0.003907039999467088	0.9541490525848605
97	0.003976209999018465	1.0177039394428546
98	0.0042560699999739885	1.0703836067573411
99	0.004154250000647152	0.9760765214558365
100	0.00425952999976289	1.025342721092697
101	0.004701629999181023	1.1037907936891493
102	0.004354090000560973	0.9260809551835026
103	0.004806379999354249	1.1038770440516856
104	0.004601269999693613	0.9573254716255908
105	0.004969029999483609	1.079925759586915
106	0.00474513999906776	0.9549429163359616
107	0.0047761600006197115	1.006537215247189
108	0.004825609999534209	1.0103535055165827
109	0.004948000000149477	1.0253625967757614
110	0.004953219999879366	1.001054971651118
111	0.005170060000091325	1.043777583111035
112	0.005186749999847961	1.0032282023335013
113	0.005316269999093492	1.0249713210101368
114	0.00554621000046609	1.0432521300482869
115	0.005783750001137377	1.0428292474773448
116	0.0060058899995055984	1.0384076072313875
117	0.005917179999232758	0.9852294996611421
118	0.006557039999461267	1.1081359702276212
119	0.0063970999995945025	0.9756078962641824
120	0.005963840000549681	0.9322724360925599
121	0.006105250000109664	1.023711232955101
122	0.006230320000395295	1.020485647644795
123	0.006510120000530151	1.0449094107713734
124	0.006466640000144253	0.9933211676002351
125	0.00643275000002177	0.9947592567203792
126	0.006558729999960633	1.019584159175848
127	0.00675297999950999	1.0296170142009997
128	0.006796100001156447	1.0063853293878533
129	0.006934210000326857	1.020321949227779
130	0.007386880000194651	1.0652806880447026
131	0.007625869999901625	1.0323533074451834
132	0.0072474899996450405	0.9503820547345463
133	0.007453389999864157	1.0284098357126676
134	0.0075162500004807955	1.008433746337946
135	0.00805021000051056	1.0710407450518022
136	0.00799059999990277	0.9925952241489339
137	0.008438430000387598	1.056044602469186
138	0.008107500000187428	0.9607829892308203
139	0.008226459999059443	1.0146728336564002
140	0.008537480000813957	1.0378072709026815
141	0.008420009999827015	0.9862406704348659
142	0.00858795000021928	1.0199453445299607
143	0.00863766000002215	1.0057883429458254
144	0.008915810000326018	1.0322020084494128
145	0.009048039999834145	1.0148309575353547
146	0.008995510000022477	0.9941943227690604
147	0.009298670000134734	1.0337012576398115
148	0.009767990000545979	1.0504717341732144
149	0.00941902000013215	0.9642741239093894
150	0.009799380000549718	1.0403821204766772
151	0.010427780000100029	1.0641265059131353
152	0.009825070000442793	0.9422015040927739
153	0.01005524000065634	1.023426805122322
154	0.010109719999672962	1.0054180704799753
155	0.010434750000058557	1.03215024752378
156	0.010413579999294598	0.997971201920138
157	0.010540460000629536	1.0121840905186816
158	0.010604169999714941	1.0060443281490181
159	0.010927369999990333	1.0304785759077872
160	0.01098671999934595	1.0054313159850605
161	0.011035489999994753	1.0044389955010873
162	0.011168009999164497	1.0120085287712468
163	0.011219770000388962	1.004634666447141
164	0.011422790000506212	1.0180948450913174
165	0.012109540000528796	1.0601210387297806
166	0.011746930001027066	0.9700558403138438
167	0.012169050000011339	1.0359344951359517
168	0.012052779999794438	0.9904454332740196
169	0.012453210000239778	1.033223040697015
170	0.012331909999193157	0.9902595394244307
171	0.012490699999034405	1.0128763508533258
172	0.012735479999901145	1.0195969802241398
173	0.012639370000761119	0.9924533665679839
174	0.012895980000394047	1.0203024359297557
175	0.013086449999900652	1.0147697188969573
176	0.013469679999980144	1.0292844889242232
177	0.013377950000722194	0.9931898902380691
178	0.014152920000196901	1.0579289053579113
179	0.013627779998569168	0.9628952893381417
180	0.013836120000269148	1.015287890010101
181	0.013868189999993775	1.0023178463126947
182	0.014000429999941843	1.0095354909291065
183	0.014409629999499884	1.029227673690004
184	0.014339250000557514	0.9951157664044938
185	0.014758930000607507	1.0292679184778615
186	0.01455221000032907	0.9859935645558364
187	0.014843690000270726	1.0200299473368695
188	0.015038409999760916	1.01311803193725
189	0.0152106300003652	1.0114520085971206
190	0.01530745999989449	1.006365942733928
191	0.015489789999628556	1.0119111857705538
192	0.0157224500002485	1.0150202165830218
193	0.015741720000005444	1.0012256359382055
194	0.016015660000630306	1.0174021644791527
195	0.016310129999692436	1.0183863792719463
196	0.01658079999979236	1.0165952080152045
197	0.016700329999730458	1.0072089404576132
198	0.016869440001028125	1.0101261472857361
199	0.017136290000053123	1.0158185451922965
200	0.01684558999913861	0.9830360013215456
201	0.017110309999407037	1.015714498588768
202	0.017651240000486724	1.0316142723947395
203	0.017346520000501187	0.9827366236039431
204	0.01760389000119176	1.0148369817509872
205	0.01792598000029102	1.0182965241817266
206	0.018014130000665318	1.004917443864875
207	0.018051749999722234	1.0020883605844704
208	0.01836656000050425	1.017439306482023
209	0.018666480000320007	1.0163296774032549
210	0.01858983999991324	0.9958942446350113
211	0.018795329999557	1.011053887480727
212	0.019700039999952422	1.0481348292590098
213	0.01941990999985137	0.985780231913147
214	0.01995772999980545	1.0276942581071795
215	0.019681590000254802	0.9861637571230124
216	0.020047900000281515	1.0186118093112382
217	0.020008680000319145	0.9980436853754349
218	0.020250070000474806	1.0120642641169637
219	0.020444730000235722	1.0096128062646872
220	0.02067741000064416	1.0113809280144934
221	0.02105420000007143	1.0182223015075647
222	0.020503860000462736	0.9738607973892702
223	0.02030293999960122	0.990200869453021
224	0.02065385000023525	1.0172837037710265
225	0.020975199999520557	1.0155588425054722
226	0.020901140000205487	0.9964691636162343
227	0.02114363999971829	1.01160223794063
228	0.021353540000563952	1.009927335163125
229	0.021538350000264474	1.0086547710447842
230	0.021471070000552574	0.9968762695512389
231	0.02201277999956801	1.0252297626062183
232	0.022495909999997822	1.0219477049440957
233	0.02223248000118474	0.9882898714115984
234	0.022426039999118075	1.0087061811333249
235	0.022732570000516716	1.0136684854486435
236	0.023046029999750316	1.0137890260197802
237	0.022983299999759767	0.9972780561341268
238	0.023152339999433023	1.007354905504215
239	0.02321345000018482	1.0026394740554645
240	0.023613130000012462	1.0172176044415828
241	0.02395847000043432	1.0146249142075479
242	0.02383775000052992	0.994961280920601
243	0.023895550000452202	1.00242472548462
244	0.024247480000485665	1.0147278468177883
245	0.024550220000310218	1.0124854211579302
246	0.024552739999853655	1.000102646719394
247	0.024901909999971394	1.0142212233795422
248	0.024837710000065273	0.997421884509815
249	0.02521056999867142	1.015011850875349
250	0.0252061599996523	0.9998250734109007
251	0.025683740000022225	1.0189469558384345
252	0.02582864000032714	1.0056417017266486
253	0.025998100000288106	1.0065609339074306
254	0.026452020000215272	1.0174597374393566
255	0.026786390000779647	1.0126406225521398
256	0.027331580000100074	1.0203532465294711
257	0.02709275999914098	0.9912621223888916
258	0.027232029999868245	1.0051404877440202
259	0.027676010000141103	1.016303595445327
260	0.027744499999971594	1.0024747064273405
261	0.027711529999942287	0.998811656363267
262	0.028052179999576765	1.0122927171338134
263	0.028197299999374082	1.0051732164772758
264	0.028317199999582952	1.0042521801807809
265	0.0285288799994305	1.0074753153507643
266	0.028896480000184965	1.0128851886496002
267	0.029184059999897725	1.0099520771980157
268	0.029270510000787908	1.0029622335237278
269	0.02955843000090681	1.0098365214719918
270	0.03013982999982545	1.019669515562931
271	0.0302731900002982	1.0044247097768475
272	0.030761819999679575	1.0161406841953742
273	0.030801900000369642	1.0013029138292366
274	0.03081388999999035	1.00038926168907
275	0.030817380000007687	1.0001132606112808
276	0.030953730000328507	1.0044244514076404
277	0.031298670000978746	1.0111437297103314
278	0.031779749999986964	1.0153706211475815
279	0.031716129999767875	0.9979980962651023
280	0.032082249999803025	1.0115436530256947
281	0.032483119999233166	1.0124950712444607
282	0.03246926000028907	0.9995733168813702
283	0.032717190000039406	1.00763583770459
284	0.033007280000310855	1.0088665927688503
285	0.03336688999916078	1.0108948692181403
286	0.033514660001310405	1.0044286417509496
287	0.03399443000089377	1.0143152280096115
288	0.03393070000020089	0.9981252810918964
289	0.034665209999366196	1.0216473576778835
290	0.03440739000034228	0.9925625721284068
291	0.034979070001281795	1.0166150353436814
292	0.03503118999942671	1.001490033844325
293	0.03518223999963084	1.0043118717978636
294	0.03563651000004029	1.012911912385744
295	0.03570378000040364	1.0018876708286888
296	0.035964400000375464	1.007299507222173
297	0.03609338000023854	1.00358632425014
298	0.03690703999927791	1.0225431921043138
299	0.03682022000029974	0.9976476033033299
300	0.0374916700002359	1.0182359040747364
301	0.038035600000148405	1.0145080227130208
302	0.03765796000006958	0.9900714067852919
303	0.037757829999827665	1.0026520289404393
304	0.03804942000024312	1.0077226366138303
305	0.0386518100000103	1.0158317787699085
306	0.03876612999956706	1.0029576881278452
307	0.03897229000031075	1.0053180444048966
308	0.03921750000044995	1.0062919063811042
309	0.03969201000072644	1.0120994454075616
310	0.03966926999964926	0.9994270886992933
311	0.03990532999960124	1.0059507018897516
312	0.04013984999946842	1.0058769091715198
313	0.04040905999972892	1.0067068013523734
314	0.04050271999949473	1.0023177970427037
315	0.040925550000247314	1.010439545807241
316	0.04127818000051775	1.0086163777950035
317	0.04147865999984788	1.0048568032633127
318	0.041632680000111576	1.0037132347154962
319	0.04197073000032105	1.0081198231823791
320	0.04204268000030424	1.0017142899345004
321	0.04256295999948634	1.0123750436265797
322	0.04277073000012024	1.004881474423687
323	0.043142900000020745	1.0087015115220026
324	0.043295400000715745	1.0035347647166724
325	0.04370089000003645	1.0093656600773755
326	0.04383267999983218	1.0030157280502896
327	0.04413809000034234	1.006967632380939
328	0.04442365999930189	1.0064699219870485
329	0.04467170999960217	1.005583736241097
330	0.04513539000035962	1.0103797235602034
331	0.045159330000024055	1.000530404183153
332	0.04553209999976389	1.008254551157859
333	0.045759230000840034	1.004988348902803
334	0.04623107999941567	1.0103115808235186
335	0.0466497999997955	1.0090571105062898
336	0.04675329999954556	1.0022186590242725
337	0.04732717999941087	1.012274641573341
338	0.04716561000022921	0.9965861055067369
339	0.04757993999992323	1.0087845784183012
340	0.0480702900000324	1.0103058137549135
341	0.04847983999898133	1.0085198154400288
342	0.04879362999963632	1.0064725873819218
343	0.04887914000028104	1.001752482868058
344	0.049089570000433014	1.0043051084808523
345	0.049434009999458794	1.0070165617466753
346	0.04993235000001732	1.010080913940908
347	0.05019377999924472	1.0052356838648153
348	0.050392400000419	1.0039570640262054
349	0.050524599999698695	1.0026234114524928
350	0.05105392999976175	1.0104766786885242
351	0.05138299999998708	1.0064455371060927
352	0.05168026999999711	1.0057853764865832
353	0.05207950000003621	1.0077249983415164
354	0.050636510000549605	0.9722925527417583
355	0.050083330000416024	0.989075471431037
356	0.05029170000016166	1.0041604661619725
357	0.05098925999991479	1.013870280776965
358	0.05090008000042871	0.9982510042411632
359	0.051097560000198425	1.0038797581412062
360	0.05170146000018576	1.0118185682444523
361	0.05220888000039849	1.0098144230397152
362	0.052247089999582386	1.0007318678198729
363	0.05271121000005223	1.0088831741724478
364	0.05248090000022785	0.9956307206792606
365	0.0531313899995439	1.0123947950456875
366	0.05319167000052403	1.0011345459055494
367	0.05360182000003988	1.0077107938049663
368	0.054024240000217105	1.0078807025615346
369	0.05404944000001706	1.0004664572754722
370	0.054416629999832364	1.0067935948978415
371	0.054932480000206854	1.0094796388599603
372	0.055486160000145904	1.0100792827838279
373	0.05561052000048221	1.0022412796332631
374	0.05580613999918569	1.0035176797250194
375	0.056084279999777206	1.0049840394013199
376	0.056503730000258656	1.0074789228012397
377	0.05700933000043733	1.0089480818377186
378	0.057229589999406014	1.0038635781014615
379	0.05738929000035568	1.0027905145039713
380	0.057918080000308694	1.0092140885511867
381	0.05829548999972758	1.006516272628804
382	0.058390200000212646	1.001624653990995
383	0.058597579999332086	1.003551623373763
384	0.059219970000049214	1.0106214284058186
385	0.05948363000024983	1.0044522143493217
386	0.060002940000413216	1.0087303010956326
387	0.060111740000138525	1.0018132444797632
388	0.060223349999796484	1.0018567088501797
389	0.06069319999987784	1.0078017911670962
390	0.06113772000062454	1.007324049493973
391	0.061485200000242914	1.0056835616312618
392	0.06170883999984653	1.0036372980750283
393	0.061826209999708226	1.0019019965350504
394	0.062235510000391514	1.00662016967699
395	0.06263168000004952	1.0063656584425116
396	0.06302336999942781	1.0062538638493808
397	0.06311652999975195	1.0014781818288196
398	0.06335135999943305	1.0037205784234655
399	0.06404657999992196	1.0109740343458316
400	0.06423562000018138	1.0029516017913782
401	0.06467814999996335	1.006889168342747
402	0.06488026000006357	1.003124857468872
403	0.06522116999949504	1.0052544487249455
404	0.06553658999982873	1.0048361597980553
405	0.06582156000004033	1.0043482579763816
406	0.06622427000038442	1.0061182080817264
407	0.06693319999976666	1.0107049877541592
408	0.06709268000086013	1.002382674085417
409	0.06759292999959143	1.0074561039851873
410	0.06771329000002879	1.0017806596109695
411	0.06802447999907599	1.0045957004754467
412	0.06841701000048488	1.0057704226686366
413	0.06892216000014742	1.0073833977786952
414	0.06913469000028272	1.0030836236144491
415	0.06971469999916735	1.0083895653380708
416	0.06983975999937683	1.0017938827852801
417	0.07014474000025075	1.0043668535068941
418	0.07029173000009906	1.0020955241953677
419	0.0710787000007258	1.0111957694116454
420	0.07161489999962214	1.007543750784565
421	0.07178069000001415	1.0023150210416112
422	0.07218667999914033	1.005655977939556
423	0.07213828999920224	0.999329654723854
424	0.07306385999982012	1.0128304954363088
425	0.07320305999965057	1.0019051826693908
426	0.07338986000031582	1.002551805903553
427	0.07400498999995761	1.0083816756107606
428	0.07367969999977504	0.9956044855869483
429	0.07457174000010128	1.0121069982685726
430	0.07547950000043784	1.0121729759870874
431	0.07546624999995402	0.9998244556404886
432	0.07591419999989739	1.0059357659873605
433	0.07657999000039126	1.0087702959458806
434	0.07687262999970698	1.0038213637702778
435	0.0771661699996912	1.0038185242261821
436	0.07819784999919648	1.0133695892838714
437	0.07811931000032928	0.9989956245744863
438	0.07838346999997156	1.0033814942763981
439	0.0787027999998827	1.0040739456917542
440	0.07909292000003916	1.0049568757421217
441	0.0789677999993728	0.9984180632012789
442	0.07970584000031522	1.009346087911127
443	0.07985273000085727	1.001842901355051
444	0.08031355999992229	1.0057709986754375
445	0.08083632000016223	1.0065089880244438
446	0.08084039999957895	1.0000504723547128
447	0.08141622000039206	1.0071229236967667
448	0.08169127000001027	1.0033783194505577
449	0.08267367999978888	1.0120258872187748
450	0.08274239999846031	1.0008312197868972
451	0.08357060000016645	1.0100093785256596
452	0.08357548999920254	1.0000585133891116
453	0.08379650999959268	1.002644555244513
454	0.08429117999985465	1.005903229147185
455	0.08471816000019317	1.0050655359236784
456	0.08499654000006558	1.0032859542732253
457	0.0855052799997793	1.0059854201090224
458	0.08598194000005606	1.0055746265058483
459	0.08682176999973308	1.0097675162909383
460	0.0866298299992195	0.9977892641383127
461	0.08677134999961708	1.001633617431765
462	0.08765550999960396	1.0101895383671082
463	0.08775326000031783	1.0011151609375646
464	0.08829537999990862	1.0061777761827746
465	0.08872198000026402	1.0048315098746485
466	0.08932335999961652	1.0067782526872227
467	0.08954283999992185	1.00245713999458
468	0.08987636999918322	1.003724809256236
469	0.09029558999900474	1.0046644073389404
470	0.0908427299997129	1.0060594321462897
471	0.09102571000039461	1.002014250349833
472	0.09174681999975291	1.0079220475111392
473	0.09232038000009198	1.006251551828615
474	0.09235728000021481	1.0003996950632439
475	0.09288552000034542	1.005719527471244
476	0.09320644999970681	1.003455113341242
477	0.09342256999916572	1.0023187236447648
478	0.09410961999928986	1.007354218580481
479	0.09464620000071591	1.0057016487945662
480	0.09484590000029129	1.0021099632058537
481	0.095251499999722	1.0042764104661295
482	0.09585024000080011	1.0062858852729863
483	0.09599854999942181	1.0015473096219734
484	0.09678781000075105	1.008221582527382
485	0.0970129299999826	1.0023259127283672
486	0.0970264199997473	1.0001390536268178
487	0.09308736000057252	0.9594021917001057
488	0.09364132999944559	1.0059510764820236
489	0.09386673000008158	1.0024070568053371
490	0.09451345999987097	1.0068898746104058
491	0.09480388000083621	1.0030727898541185
492	0.09528810000047087	1.0051075968581706
493	0.09577844999985245	1.0051459731003047
494	0.09606237999978476	1.002964445550463
495	0.09624674000042432	1.0019191696129117
496	0.09686728999986371	1.0064474910987806
497	0.09730850000014471	1.0045547883117367
498	0.0979820499997004	1.0069218002492555
499	0.09842432999976154	1.0045138880035935
500	0.09892463000069256	1.005083092777286
501	0.10038683999991918	1.0147810509800885
502	0.1010072199995193	1.0061798936952355
503	0.1022783000007621	1.0125840509346644
504	0.10462219000037294	1.0229167868413278
505	0.10183385999916936	0.9733485792909359
506	0.1020824300005188	1.002440936652617
507	0.10240842000021075	1.0031933996838662
508	0.10249049000012747	1.0008013989466544
509	0.10320724999983213	1.0069934293387004
510	0.10314773999925819	0.99942339321536
511	0.10332977000070968	1.0017647502645506
512	0.10402746000036131	1.0067520715438236
513	0.1042386399996758	1.0020300409076002
514	0.1046163399994839	1.003623416420334
515	0.10542312999968999	1.0077118928095752
516	0.10590947000018787	1.0046132191341626
517	0.10595792999993137	1.000457560591545
518	0.10652416000011726	1.0053439133832291
519	0.10692961999993714	1.0038062726786057
520	0.10762486999956308	1.0065019402446802
521	0.10780079999931332	1.0016346593473324
522	0.10850169999939681	1.0065018070374985
523	0.10890402000004543	1.003707960342104
524	0.10924675999958708	1.0031471749118308
525	0.1096499399995082	1.0036905442314503
526	0.11015043999977933	1.004564525983994
527	0.11064861999948335	1.0045227236469052
528	0.11078083999964292	1.0011949539014602
529	0.11112488000071608	1.0031055911931546
530	0.11187846000029822	1.0067813796476297
531	0.11224889000004623	1.003311003742338
532	0.112787059999755	1.004794434935691
533	0.11328754999958619	1.0044374771346312
534	0.1135616999999911	1.0024199481797065
535	0.1138946400005807	1.0029317983139527
536	0.11470755999980611	1.0071374737144898
537	0.11481599000035203	1.0009452733590192
538	0.11571124000001873	1.0077972588980328
539	0.11593511999999465	1.0019348163581678
540	0.11657712000051106	1.0055375799888457
541	0.11707354999962263	1.004258382769358
542	0.11701291000026685	0.9994820350168251
543	0.1181208099998912	1.0094681860285486
544	0.11853028999939852	1.0034666203144704
545	0.1186475699996663	1.0009894517280635
546	0.11939071000015247	1.0062634236882244
547	0.11973552000017662	1.0028880806557203
548	0.12074744999990798	1.0084513768322874
549	0.12100566999979492	1.0021385130691136
550	0.12104517000007035	1.0003264309868745
551	0.12194750999988173	1.0074545725352846
552	0.12235071999966748	1.0033064225730082
553	0.12255062999975053	1.0016339094701165
554	0.12393909999991592	1.0113297663191794
555	0.12473812000025646	1.0064468759281056
556	0.1249860299998545	1.0019874437709781
557	0.12523521000002802	1.0019936628131465
558	0.12593976000061957	1.0056258140230003
559	0.12597099999948114	1.0002480550928587
560	0.12640506000025198	1.0034457137021429
561	0.12726409999995666	1.0067959304770155
562	0.12742767999952775	1.0012853585541495
563	0.12754542000002403	1.0009239750774457
564	0.12829309000007924	1.0058619901840071
565	0.12905675999936647	1.0059525419435043
566	0.12949026000060257	1.0033589871715223
567	0.1298095199999807	1.0024655136176006
568	0.1305960599998798	1.0060591857969987
569	0.13132598000047438	1.005589142586654
570	0.1320198999997956	1.0052839506647406
571	0.13181228999928862	0.9984274340420853
572	0.1331592400001682	1.0102186981266077
573	0.13320363000020735	1.000333360268796
574	0.13413450000007288	1.0069883230649501
575	0.13469394999920042	1.0041708136171323
576	0.13490363000018987	1.0015567143215467
577	0.13512089999931048	1.0016105571000595
578	0.1362474099998508	1.0083370522291226
579	0.1362741699998878	1.0001964074035392
580	0.13667176999952063	1.0029176475603054
581	0.13758097999962046	1.0066525076839425
582	0.1377613200002088	1.0013107916558586
583	0.13879933999960486	1.0075349161825284
584	0.13904728999914368	1.0017863917763552
585	0.13968880000029457	1.0046136102411982
586	0.14008909999938624	1.0028656556509241
587	0.1404748799999652	1.002753818823739
588	0.14091666999993321	1.0031449751013715
589	0.1411077100001421	1.00135569482453
590	0.14240622999968763	1.0092023320309302
591	0.14262130000024625	1.0015102569638918
592	0.14365459000036934	1.0072449907560883
593	0.14394911000017602	1.0020501955406083
594	0.14513067999978374	1.008208248037145
595	0.14453183000077843	0.99587371878223
596	0.14513809000018227	1.0041946469466316
597	0.14636552999909327	1.0084570494134895
598	0.14625755000051868	0.9992622580017627
599	0.14696981999986747	1.004869970810712
600	0.1482746900001075	1.0088784894765552
601	0.14855823000070814	1.0019122616314384
602	0.14841139000018302	0.999011566033572
603	0.14959684000023116	1.0079875944834602
604	0.14995566999932636	1.0023986469172386
605	0.1508346700000402	1.0058617323420833
606	0.15147613000044657	1.0042527357961284
607	0.15146235000102024	0.9999090285748237
608	0.15232181000028505	1.0056744134714604
609	0.15252644999927725	1.001343471424032
610	0.15330819000046175	1.0051252750010782
611	0.1549837700000353	1.0109294878477693
612	0.1546677299993462	0.9979608187316064
613	0.15541480999963825	1.0048302254147987
614	0.15532069000109913	0.9993943949193816
615	0.15590930999969715	1.0037897075952589
616	0.1570301300002029	1.007188922845646
617	0.15752049000002444	1.0031227128183673
618	0.1578151400000934	1.0018705503015444
619	0.15230946999945444	0.965113169746352
620	0.1504325300007622	0.987676800407099
621	0.15089655999945534	1.00308463866619
622	0.15196661000045425	1.0070912816104143
623	0.15259800999956497	1.004154860065042
624	0.15302608999991207	1.0028052790488442
625	0.15288867999952344	0.9991020485435607
626	0.15398382000093988	1.0071629894470921
627	0.15440037000043957	1.0027051543434704
628	0.15514762999991943	1.0048397552381367
629	0.1556516399999964	1.003248583301448
630	0.1566172800001368	1.0062038536833948
631	0.15702018000010867	1.0025725130711727
632	0.1576708599997801	1.0041439259569755
633	0.15788755000066884	1.0013743186336972
634	0.15822734999928798	1.0021521646172715
635	0.15913663000028463	1.0057466676968347
636	0.15960058999989996	1.0029154821213349
637	0.15956704000018362	0.9997897877462962
638	0.16018046000062897	1.0038442776180134
639	0.16123027999929035	1.006553982918124
640	0.16222044999994978	1.0061413402039852
641	0.16287393999955385	1.0040284070202263
642	0.16312004000028538	1.0015109845119003
643	0.1629418500000611	0.9989076142929834
644	0.16399967999968795	1.0064920706351774
645	0.16491817999958586	1.005600620683526
646	0.16476518000017676	0.9990722672333063
647	0.16553564999994705	1.0046761700486078
648	0.1665113199993357	1.0058940173877287
649	0.1666626100006397	1.0009085868834902
650	0.16722609000062222	1.0033809622925043
651	0.16803899999977148	1.0048611433727013
652	0.16840681999965454	1.0021888966244952
653	0.16880387000055636	1.0023576836193608
654	0.16992674999928567	1.0066519801869804
655	0.17014465000102064	1.0012823172439647
656	0.17040955999982543	1.0015569693128947
657	0.17148326999995334	1.0063007615308026
658	0.1721481300006417	1.0038771129142134
659	0.17279012999970292	1.0037293463429364
660	0.17277735000025132	0.9999260374452429
661	0.1741875199997594	1.008161775831763
662	0.17388165000083972	0.9982440188658745
663	0.17608307999980752	1.0126605078739312
664	0.1753127800006041	0.9956253604877637
665	0.17574581999979272	1.0024700994370583
666	0.1764958600000682	1.0042677544209948
667	0.1767842199988081	1.0016338060209447
668	0.1777001400001609	1.0051810054164279
669	0.1795230099993205	1.0102581235960644
670	0.17884433000035643	0.9962195375458186
671	0.17905740999958653	1.0011914271994515
672	0.17963701999979093	1.003237006500908
673	0.180783639999936	1.0063829827512525
674	0.18152956999947492	1.0041260923805893
675	0.1815058499993029	0.9998693325821677
676	0.1818007800007763	1.0016249063127967
677	0.1830054400004883	1.006626264198134
678	0.1842181799998798	1.0066267975388505
679	0.18475483999936843	1.0029131761017778
680	0.18429527999978745	0.9975125956127453
681	0.1854188700002851	1.0060966835422966
682	0.18535947000018496	0.9996796442557327
683	0.18629063999978826	1.0050235901063074
684	0.18693991999971332	1.003485306615114
685	0.18791131999932986	1.0051963218964577
686	0.18900565000039932	1.0058236512897325
687	0.1892748100002791	1.0014240844116522
688	0.18969855999966967	1.0022388082143099
689	0.1902518599996256	1.002916732736173
690	0.19148933999895235	1.0065044304919235
691	0.19197143000019423	1.0025175814029361
692	0.19368543999880786	1.0089284639834786
693	0.1958515600006649	1.0111837007565998
694	0.19414710999990348	0.9912972355147152
695	0.19439838000071177	1.0012942247804173
696	0.19492035999974178	1.0026851046753995
697	0.19547765999996045	1.0028591164115406
698	0.19547905000108584	1.000007110792739
699	0.1963122500001191	1.004262349336303
700	0.19789318999937677	1.0080531907675487
701	0.19748690999949758	0.9979469733148449
702	0.1986610699997982	1.005945507984826
703	0.19964735000066866	1.0049646365081566
704	0.2002141599994502	1.0028390559593183
705	0.20123311999959698	1.0050893503244205
706	0.20176913999966928	1.0026636768344763
707	0.20243344999908003	1.0032924261827743
708	0.20432639000027847	1.0093509249642638
709	0.20288232000057177	0.9929325330922514
710	0.20401501999986066	1.0055830394648764
711	0.2050647599997319	1.0051454054700089
712	0.20609231000089495	1.0050108560884103
713	0.2066721699997288	1.0028135935728573
714	0.2071732400003384	1.0024244676997889
715	0.2082556300007127	1.0052245647187472
716	0.20746607999972183	0.9962087459484856
717	0.20802839000025414	1.0027103707773968
718	0.20963573999943036	1.00772658962161
719	0.21229397999886715	1.0126802805640107
720	0.21255932999993093	1.0012499176899186
721	0.21188518000017212	0.9968284149194532
722	0.21256214999921214	1.0031949851284525
723	0.21330742000027386	1.0035061275070114
724	0.21313596000036342	0.9991961836118489
725	0.2134683500007668	1.0015595209762014
726	0.2146628000002238	1.0055954430689735
727	0.21508348999886948	1.0019597713187625
728	0.21591306999907828	1.003857013851752
729	0.2171119599996018	1.005552651354217
730	0.21729391000044415	1.0008380468807092
731	0.21797095000001718	1.0031157799110506
732	0.21871055999981764	1.0033931585828313
733	0.21893002999968303	1.0010034723511547
734	0.21969554999959656	1.0034966422829916
735	0.22047848000001977	1.0035637044101469
736	0.2212809399996331	1.0036396295893062
737	0.2216889999996056	1.001844081103294
738	0.22273698999961197	1.0047272981519528
739	0.22345550999962144	1.003225867423326
740	0.2239300100001856	1.0021234652059596
741	0.22530370999993465	1.0061345060438658
742	0.22500295999998343	0.9986651351637693
743	0.22610426999963237	1.0048946467177544
744	0.22710673999936262	1.0044336623971404
745	0.22794183000078191	1.003677081540696
746	0.22821701000029862	1.0012072378269306
747	0.22916151999925205	1.0041386485562676
748	0.22972053000012238	1.002439371151283
749	0.23025381000043127	1.0023214294356217
750	0.2316296400003921	1.0059752757183833
751	0.22878670000063722	0.9877263548838133
752	0.2207017499993526	0.9646616258669665
753	0.22157683000004907	1.003964988953187
754	0.2220476000002236	1.0021246355053208
755	0.22302304999975603	1.0043929769992175
756	0.22322428000006767	1.0009022834200854
757	0.22386357000032148	1.0028638909721364
758	0.22523911000025693	1.0061445459836698
759	0.22513711000101466	0.999547147920971
760	0.22618117999954848	1.0046374851241944
761	0.22643000000025496	1.001100091531519
762	0.22751263999998628	1.0047813452269139
763	0.2277347399995051	1.0009762094955201
764	0.22892076999996788	1.005207944999807
765	0.22947926000088045	1.0024396650461758
766	0.2295825400004105	1.0004500624567538
767	0.23084435999917333	1.0054961496582473
768	0.2317246200003865	1.0038132185738318
769	0.23255506999921635	1.0035837797417835
770	0.2324874699996144	0.9997093161649747
771	0.23376248999993549	1.0054842525505705
772	0.23409057000026223	1.0014034758113965
773	0.23501207000044816	1.0039365105573663
774	0.23588561000069602	1.0037170005789329
775	0.2362805399996432	1.0016742437105257
776	0.23739030000033381	1.0046967896750714
777	0.23699784000018553	0.998346773224737
778	0.23861830000059853	1.006837446283948
779	0.23901382999902127	1.0016575845122597
780	0.24150728000095115	1.0104322415231792
781	0.24217421000030298	1.0027615316579659
782	0.24196341999995638	0.9991295935254777
783	0.24175523999947474	0.9991396220119484
784	0.24280872000017553	1.004357630472469
785	0.24338176999990538	1.00236008821977
786	0.24536288000053902	1.0081399276561855
787	0.24479183999974338	0.9976726715924007
788	0.24673989999937476	1.0079580267039678
789	0.24648481999975047	0.9989661988206004
790	0.2478221500001382	1.0054256079558535
791	0.24936707000051683	1.0062339867537173
792	0.24899307999949088	0.9985002430311862
793	0.24959367000046767	1.0024120750704317
794	0.2499899899990851	1.0015878607763438
795	0.25133741999998166	1.005389935816636
796	0.2515668400003051	1.0009127968303464
797	0.252193879999686	1.0024925383622902
798	0.252852079999866	1.0026098967991641
799	0.25334227999956055	1.0019386828840595
800	0.2540698100001464	1.0028717275323609
801	0.255345180000586	1.0050197620899501
802	0.25829797999977017	1.0115639543271482
803	0.2582459599998401	0.999798604697063
804	0.2599937700004375	1.0067680052017016
805	0.26121560000028693	1.004699458759521
806	0.2604898599998705	0.9972216820112749
807	0.26065837999922226	1.0006469349684162
808	0.2615908900002978	1.0035775178265065
809	0.26148757000119077	0.9996050321205494
810	0.2633998999994219	1.0073132730485905
811	0.2631859100005386	0.9991875851172161
812	0.2638425700002699	1.002495042381752
813	0.2640016599994851	1.0006029732018418
814	0.26584130999945044	1.0069683273960055
815	0.266003229999842	1.0006090851733762
816	0.2660424199999397	1.0001473290384397
817	0.267531240000244	1.005596175227637
818	0.268363930000487	1.0031124963209617
819	0.269193959999393	1.0030929268285216
820	0.2700140900004044	1.003046613679643
821	0.27146068000038215	1.0053574611605476
822	0.27226610999969125	1.0029670226984917
823	0.27238595000053467	1.0004401576121376
824	0.273217189999923	1.0030516992502245
825	0.27368639999986044	1.0017173516788513
826	0.27550113999968745	1.0066307277227804
827	0.2754385200005345	0.9997727051178334
828	0.27606913999952665	1.0022895127340612
829	0.2773544400006358	1.004655717770959
830	0.27785057999972196	1.001788830202556
831	0.2781892400005745	1.0012188565553934
832	0.2792862900005275	1.0039435385780944
833	0.2804323500004102	1.0041035311825746
834	0.28075796000084663	1.0011610999959024
835	0.28191279000020586	1.0041132582647194
836	0.2824152799999865	1.001782430658007
837	0.28368494999922406	1.0044957553261198
838	0.2842523999992409	1.002000282355544
839	0.2851586299995688	1.0031881173222472
840	0.2857410599986906	1.0020424771963685
841	0.28718509999998787	1.005053666425483
842	0.2874905000007857	1.0010634256470752
843	0.2884365199999593	1.0032906130782444
844	0.28897205000030224	1.001856665030985
845	0.2901087799997185	1.0039337022366526
846	0.29105109000011	1.003248126445509
847	0.29150506999976644	1.0015597948788177
848	0.2925339099998382	1.003529406881577
849	0.29307335000048623	1.0018440255375807
850	0.29395468999973673	1.0030072335108227
851	0.2945619900001475	1.0020659646573806
852	0.2956896899995627	1.0038283961872156
853	0.29590907999991034	1.0007419602636398
854	0.2968051200004993	1.0030280922795247
855	0.29712999999937895	1.001094590278224
856	0.29852375000045867	1.004690707774653
857	0.2994162300001335	1.0029896448764075
858	0.30076200000003156	1.0044946461315656
859	0.3012354400001641	1.0015741350307967
860	0.3020705100003397	1.0027721505815355
861	0.30296269999962533	1.0029535819278903
862	0.30363614999987476	1.0022228809033267
863	0.3051577600006567	1.0050112939476494
864	0.30550255000052856	1.0011298745929682
865	0.3058493700005783	1.001135244206797
866	0.30724555000051623	1.0045649268459675
867	0.30881294999999226	1.0051014571227261
868	0.30910812000001897	1.0009558213152225
869	0.30964377999953285	1.0017329211523587
870	0.3104624100000365	1.0026437798960628
871	0.31145672000056945	1.0032026743609084
872	0.31258591999976487	1.0036255438610968
873	0.3140559100003884	1.0047026750297154
874	0.3143491200000426	1.0009336235692996
875	0.3157915800002229	1.0045887197017764
876	0.31599154000032287	1.0006332024435225
877	0.31656612000006135	1.0018183398192808
878	0.31718782000025386	1.0019638867235459
879	0.3190481299996463	1.0058650108298326
880	0.3186202400003822	0.9986588543889456
881	0.32065426999979535	1.006383869397031
882	0.3215252199992392	1.0027161652936805
883	0.3213342700000794	0.9994061119088566
884	0.3099227399998199	0.9644870433512843
885	0.3071842100001959	0.9911638300576925
886	0.3087216900006752	1.0050050749694404
887	0.3095119699999486	1.0025598460518654
888	0.3117845300002955	1.0073423977765616
889	0.310761679999996	0.9967193689812046
890	0.31209553999979106	1.0042922280501092
891	0.3127666100004717	1.0021502069548354
892	0.3144467699996312	1.005371928925396
893	0.31444683000045187	1.0000001908139196
894	0.3152208400002564	1.002461497226108
895	0.31515551000011327	0.9997927484739173
896	0.31607576999958836	1.0029200187535188
897	0.3170253700001922	1.0030043429162732
898	0.3181597999999212	1.0035783571508121
899	0.31936916999911774	1.0038011401792333
900	0.319733840000481	1.001141844722721
901	0.3213941900008649	1.0051929129565436
902	0.3218802200000937	1.0015122550884554
903	0.3221173700003419	1.0007367647513357
904	0.32268801999962304	1.0017715592278695
905	0.32380044999954405	1.003447385496128
906	0.3256861399993795	1.0058236176010198
907	0.3253909400002158	0.9990936058895098
908	0.3270478200007346	1.005091967221084
909	0.3276291600002878	1.0017775382191871
910	0.32793177000057766	1.0009236357358715
911	0.32919304999923044	1.003846165922413
912	0.330032040000151	1.002548626105328
913	0.33064324999977546	1.0018519717043963
914	0.3314551100000244	1.002455395657554
915	0.3318900600002962	1.0013122440630702
916	0.33283821000077296	1.0028568195157033
917	0.3329932900000131	1.000465932079252
918	0.3347732399994129	1.0053453029020487
919	0.33522638999929766	1.001353602814507
920	0.3358376399995905	1.0018233946327857
921	0.33795791000011377	1.006313378097005
922	0.33780701999930896	0.9995535242811604
923	0.33831972000007227	1.0015177304508485
924	0.3404110499999661	1.006181519658072
925	0.3407249399991997	1.0009220910990806
926	0.34146751999942354	1.002179411933349
927	0.3434090800004924	1.0056859287848876
928	0.34351533999943057	1.00030942687636
929	0.3438746599997103	1.0010460086011888
930	0.3449494599997706	1.0031255574343898
931	0.3457088900006056	1.0022015688931227
932	0.34776885000064794	1.0059586549829214
933	0.3474419199999829	0.9990599215523057
934	0.34822867000075347	1.002264407244729
935	0.3492446200001723	1.0029174794809876
936	0.34953398999969065	1.0008285596483009
937	0.3505748300012783	1.0029777933802335
938	0.35177223999962737	1.0034155618027247
939	0.35281443999956535	1.0029627124640055
940	0.35323148000097715	1.0011820377913452
941	0.353585650000241	1.0010026569524972
942	0.35564217000064674	1.0058161862632273
943	0.35608939999947326	1.0012575280339384
944	0.35712778999986766	1.0029160935439132
945	0.3576957900000707	1.001590467099195
946	0.3592876100006833	1.0044502061391674
947	0.36017757999943567	1.0024770406047419
948	0.360809430000154	1.0017542735467302
949	0.3613234899999952	1.0014247410325197
950	0.36216346000001065	1.0023247035503158
951	0.3635274100011884	1.003766117104077
952	0.3646893699999055	1.0031963476941486
953	0.3652641099997709	1.0015759713530052
954	0.3655277000001661	1.0007216422122485
955	0.36750565999900575	1.005411245163742
956	0.36795314000009965	1.0012176139031304
957	0.3693843699998979	1.0038897072594566
958	0.3696966400002566	1.0008453795713088
959	0.37087609999980486	1.0031903454668873
960	0.37166395999993257	1.002124321303336
961	0.3731432299995504	1.0039801276390052
962	0.37431298000010427	1.0031348552151282
963	0.37419979000042075	0.9996976059989063
964	0.3749255399994581	1.0019394719570434
965	0.37615720000030706	1.0032850789542125
966	0.3770565999995597	1.0023910216240761
967	0.37798853000022065	1.0024715917999103
968	0.3791372100000444	1.0030389281913477
969	0.37977982000047633	1.0016949272808962
970	0.3803392200003145	1.0014729587260256
971	0.3815207500003453	1.00310651633568
972	0.3822887000002083	1.00201286561704
973	0.38454200999949534	1.0058942626326277
974	0.3851691700001538	1.0016309271402084
975	0.38569855999958236	1.0013744350292322
976	0.3864047599996411	1.0018309635381046
977	0.386560610000015	1.0004033335416833
978	0.3879031999993458	1.0034731681516404
979	0.3893069200003083	1.0036187378731727
980	0.38978678999992555	1.0012326264316516
981	0.3911806799995247	1.0035760319111877
982	0.3913819500001409	1.0005145192769143
983	0.39257481999957233	1.0030478411164108
984	0.393339479999122	1.001947807043637
985	0.3953226900008303	1.0050419805347603
986	0.3956362000000809	1.0007930483303398
987	0.3969925599998533	1.0034283010497325
988	0.3972012199996243	1.000525601789039
989	0.39886183999988134	1.0041808028692827
990	0.4000453299999208	1.0029671677792988
991	0.4008765200003836	1.0020777395413238
992	0.4031443900003069	1.0056572782060698
993	0.40244730999911554	0.9982708924681035
994	0.4045356999999058	1.0051892258909492
995	0.4056011100001342	1.0026336612571614
996	0.40575979000022927	1.0003912218092672
997	0.4072824499999115	1.0037526143230737
998	0.40792016000013975	1.0015657684249062
999	0.40892927999993844	1.0024738174249548
1000	0.40909994000030564	1.000417333775579