1	3.2999996619764715e-06	
2	5.40000110049732e-06	1.636364137462697
4	9.350002073915675e-06	1.7314815126712797
8	1.947499913512729e-05	2.0828871460315495
16	7.634999928995967e-05	3.920410920699157
32	0.00025939999613910913	3.397511441407718
64	0.0009689499966043513	3.7353508520668206
128	0.003592425004171673	3.7075442662275564
256	0.01505745000031311	4.191444493017328
512	0.05737642500389484	3.810500782184349
1024	0.23502627499692608	4.096216782083791
2048	0.9339785499978461	3.9739324890804726
4096	3.7100111250001646	3.972265878064031
